010100110100100101010101010100110100100101010101010100
110100100101010101010100110100100101000101010100110100
100101010101010100110100100101010101110100110100100101
010101010100110100100101010101010101110100100101010101
010100110100100101010101010100110110100101010101010100
110100100101010101010100110100100001010101010100110100
100101010101010100110100100101011101010100110100100101
010101010100110100100101010101000100110100100101010101
010100110100100101010101010100010100100101010101010100
110100100101010101010100110101100101010101010100110100
100101010101010100110100100111010101010100110100100101
010101010100110100100101010001010100110100100101010101
010100110100100101010101011100110100100101010101010100
110100100101010101010100100100100101010101010100110100
100101010101010100110100000101010101010100110100100101
010101010100110100100100010101010100110100100101010101
010100110100100101010111010100110100100101010101010100
110100100101010101010000110100100101010101010100110100
100101010101010100111100100101010101010100110100100101
010101010100110100110101010101010100110100100101010101
010100110100100101110101010100110100100101010101010100
110100100101010100010100110100100101010101010100110100
100101010101010110110100100101010101010100110100100101
010101010100110000100101010101010100110100100101010101
010100110100101101010101010100110100100101010101010100
110100100101000101010100110100100101010101010100110100
100101010101110100110100100101010101010100110100100101
010101001011110100100101010101010100110100100101010101
010100001010100101010101010100110100100101010101010100
110101010011010101010100110100100101010101010100110100
100110010101010100110100100101010101010100110100100101
010101010100110100100101010101010100110100100101010101